Open,High,Low,Close,Volume,Dividends,Stock Splits,Moving_Average,RSI,EMA_sw,EMA_lw,MACD,Signal
252.16000366210938,254.27999877929688,247.74000549316406,248.0500030517578,56774100,0.0,0.0,,,248.0500030517578,248.0500030517578,0.0,0.0
247.5,252.0,247.08999633789062,249.7899932861328,60882300,0.0,0.0,,,248.31769385704627,248.17889121726705,0.1388026397792146,0.02776052795584292
248.0399932861328,255.0,245.69000244140625,254.49000549316406,147495300,0.0,0.0,,,249.26728026260284,248.6463811636298,0.620899098973041,0.14638824215928253
254.77000427246094,255.64999389648438,253.4499969482422,255.27000427246094,40858800,0.0,0.0,,,250.19077626411948,249.1370199124321,1.0537563516873831,0.3278618640649027
255.49000549316406,258.2099914550781,255.2899932861328,258.20001220703125,23234700,0.0,0.0,253.16000366210938,,251.42296640918283,249.808352674995,1.6146137341878273,0.5852122380894877
258.19000244140625,260.1000061035156,257.6300048828125,259.0199890136719,27237100,0.0,0.0,255.3540008544922,,252.59173911756574,250.4906961074896,2.1010430100761255,0.8883783924868154
257.8299865722656,258.70001220703125,253.05999755859375,255.58999633789062,42355300,0.0,0.0,256.5140014648438,,253.0530094591542,250.86842205048225,2.184587408671945,1.1476201957238414
252.22999572753906,253.5,250.75,252.1999969482422,35557500,0.0,0.0,256.0559997558594,,252.92177676516775,250.96705722809412,1.954719537073629,1.3090400639937991
252.44000244140625,253.27999877929688,249.42999267578125,250.4199981689453,39480700,0.0,0.0,255.08599853515625,,252.5368877503643,250.92653433482383,1.6103534155404589,1.369302734303131
248.92999267578125,249.10000610351562,241.82000732421875,243.85000610351562,55740700,0.0,0.0,252.21599731445312,,251.2004444200799,250.40234705843062,0.798097361649269,1.2550616597723587
243.36000061035156,244.17999267578125,241.88999938964844,243.36000061035156,40244100,0.0,0.0,249.08399963378906,,249.9942222955063,249.88069176598032,0.11353052952597409,1.0267554337230818
244.30999755859375,247.3300018310547,243.1999969482422,245.0,45045600,0.0,0.0,246.96600036621095,,249.22588040388996,249.51915904257436,-0.29327863868439863,0.7627486192415857
242.97999572753906,245.5500030517578,241.35000610351562,242.2100067138672,40856000,0.0,0.0,244.96800231933594,,248.14651522080953,248.97774035155902,-0.8312251307494876,0.443953869243371
241.9199981689453,243.7100067138672,240.0500030517578,242.6999969482422,37628900,0.0,0.0,243.42400207519532,41.52137345731258,247.30858933272225,248.51272232168373,-1.2041329889614758,0.11433649760240164
240.00999450683594,240.16000366210938,233.0,236.85000610351562,61710900,0.0,0.0,242.0240020751953,35.02672127743169,245.69957652822893,247.64881741663424,-1.9492408884053134,-0.2983789795991414
233.52999877929688,234.6699981689453,229.72000122070312,234.39999389648438,49630700,0.0,0.0,240.23200073242188,29.808434181155718,243.96117920026825,246.66742308180835,-2.7062438815401038,-0.7799519599873339
234.75,236.1199951171875,232.47000122070312,233.27999877929688,39435300,0.0,0.0,237.88800048828125,19.28752449783579,242.31792067396498,245.67576202236307,-3.3578413483980967,-1.2955298376694864
234.63999938964844,238.9600067138672,234.42999267578125,237.8699951171875,39832000,0.0,0.0,237.0199981689453,27.308253009674658,241.63362443446073,245.09755706642414,-3.4639326319634165,-1.7292103965282726
237.35000610351562,238.00999450683594,228.02999877929688,228.25999450683594,71759100,0.0,0.0,234.13199768066406,16.748050366946885,239.57614290713386,243.85033021015835,-4.27418730302449,-2.238205777827516
232.1199951171875,232.2899932861328,228.47999572753906,229.97999572753906,68247100,0.0,0.0,232.75799560546875,18.37977597609631,238.09981257181158,242.82289802626062,-4.723085454449034,-2.7351817131518197
