Open,High,Low,Close,Volume,Dividends,Stock Splits,Moving_Average
173.9600067138672,176.25999450683594,173.64999389648438,175.3699951171875,25389600,0.2,0.0,
182.85000610351562,186.36000061035156,181.0500030517578,185.1699981689453,54813000,0.0,0.0,
185.30999755859375,195.61000061035156,184.85000610351562,195.39999389648438,67894100,0.0,0.0,
195.0,195.17999267578125,191.7100067138672,191.9600067138672,34817500,0.0,0.0,
191.00999450683594,192.72999572753906,189.63999938964844,189.82000732421875,25143500,0.0,0.0,187.54400024414062
192.8699951171875,199.0,192.6199951171875,196.66000366210938,44934900,0.0,0.0,191.802001953125
197.25,201.4199981689453,194.97999572753906,195.4199981689453,43504000,0.0,0.0,193.852001953125
195.22000122070312,197.0,187.74000549316406,188.39999389648438,34166100,0.0,0.0,192.452001953125
191.6300048828125,193.02999877929688,188.3800048828125,188.50999450683594,32265200,0.0,0.0,191.76199951171876
185.77999877929688,192.88999938964844,185.22000122070312,191.41000366210938,63462900,0.0,0.0,192.0799987792969
192.6199951171875,195.10000610351562,190.14999389648438,194.6300048828125,25675000,0.0,0.0,191.6739990234375
194.83999633789062,196.11000061035156,193.77999877929688,196.11000061035156,10403300,0.0,0.0,191.81199951171874
195.14999389648438,196.75,194.3800048828125,195.60000610351562,12046600,0.0,0.0,193.252001953125
194.9499969482422,195.32000732421875,190.64999389648438,192.75999450683594,18891400,0.0,0.0,194.102001953125
189.8000030517578,192.5500030517578,189.1199951171875,191.24000549316406,14264700,0.0,0.0,194.06800231933593
191.0800018310547,191.9600067138672,188.50999450683594,189.3000030517578,17466900,0.0,0.0,193.002001953125
190.64999389648438,192.0,187.5,189.42999267578125,20370800,0.0,0.0,191.66600036621094
191.3699951171875,193.2100067138672,189.97999572753906,191.7899932861328,18596200,0.0,0.0,190.90399780273438
193.97999572753906,198.22000122070312,193.85000610351562,196.8699951171875,29563600,0.0,0.0,191.7259979248047
197.11000061035156,201.0,194.60000610351562,195.49000549316406,26487200,0.0,0.0,192.57599792480468
192.57000732421875,196.2899932861328,192.3800048828125,193.9499969482422,24864800,0.0,0.0,193.50599670410156
