Open,High,Low,Close,Volume,Dividends,Stock Splits,Moving_Average,RSI,EMA_sw,EMA_lw,MACD,Signal
447.2699890136719,452.17999267578125,445.2799987792969,451.5899963378906,23598800,0.0,0.0,,,451.5899963378906,451.5899963378906,0.0,0.0
451.010009765625,455.2900085449219,449.57000732421875,454.4599914550781,22733500,0.0,0.0,,,452.0315340482272,451.8025885687934,0.22894547943377574,0.04578909588675515
451.32000732421875,452.6499938964844,437.0199890136719,437.3900146484375,24444500,0.0,0.0,,,449.7789926021057,450.7349905006189,-0.9559978985132034,-0.15456830299323654
441.6199951171875,443.17999267578125,436.32000732421875,437.0299987792969,22963700,0.0,0.0,,,447.81760893705814,449.7198059286691,-1.9021969916109356,-0.5040940407167764
433.1099853515625,443.739990234375,428.6300048828125,436.6000061035156,64263700,0.0,0.0,443.41400146484375,,446.0918238857439,448.7479689045836,-2.656145018839709,-0.9345042363413629
436.739990234375,437.6499938964844,432.8299865722656,435.25,19152500,0.0,0.0,440.1460021972656,,444.4238509802448,447.74811935609597,-3.3242683758511475,-1.4124570642433198
434.6499938964844,439.6000061035156,434.19000244140625,439.3299865722656,7164500,0.0,0.0,437.1200012207031,,443.6401795328634,447.12455396470114,-3.4843744318377503,-1.8268405377622061
439.0799865722656,440.94000244140625,436.6300048828125,438.1099853515625,8194200,0.0,0.0,437.2639953613281,,442.7893804280478,446.4568081415057,-3.6674277134578688,-2.1949579729013386
434.6000061035156,435.2200012207031,426.3500061035156,430.5299987792969,18117700,0.0,0.0,435.9639953613281,,440.90332171285536,445.27704448504574,-4.373722772190376,-2.6307109327591465
426.05999755859375,427.54998779296875,421.8999938964844,424.8299865722656,13158700,0.0,0.0,433.6099914550781,,438.4305009219954,443.7624476026176,-5.331946680622195,-3.1709580823317562
426.1000061035156,426.7300109863281,420.6600036621094,421.5,13246500,0.0,0.0,430.8599914550781,,435.82580847245765,442.1133774098311,-6.2875689373734645,-3.794280253340098
425.5299987792969,426.07000732421875,414.8500061035156,418.5799865722656,16896500,0.0,0.0,426.7099914550781,,433.1726051031973,440.37016327371515,-7.197558170517823,-4.474935836775643
421.0799865722656,424.0299987792969,419.5400085449219,423.3500061035156,16662900,0.0,0.0,423.75799560546875,,431.66143602632326,439.1094108907374,-7.447974864414164,-5.069543642303348
428.0,434.32000732421875,425.4800109863281,427.8500061035156,20573600,0.0,0.0,423.2219970703125,28.87149045089754,431.07506219204515,438.27538090649875,-7.200318714453601,-5.495698656733399
429.0,430.6499938964844,420.79998779296875,422.3699951171875,18139100,0.0,0.0,422.72999877929686,26.30554696296663,429.73582110360553,437.0972041813646,-7.361383077759058,-5.868835540938532
423.4599914550781,426.9700012207031,421.5400085449219,424.55999755859375,15054600,0.0,0.0,423.3419982910156,25.483774590342378,428.93954055821905,436.16852220930747,-7.228981651088418,-6.140864762968509
424.6300048828125,424.7099914550781,415.0199890136719,418.95001220703125,20201100,0.0,0.0,423.41600341796874,31.3812649753,427.40269004265167,434.8930770239537,-7.490386981302038,-6.410769206635216
415.239990234375,418.5,412.2900085449219,417.19000244140625,17604800,0.0,0.0,422.1840026855469,30.5184690632029,425.8315073347677,433.58173816598725,-7.75023083121954,-6.6786615315520805
417.80999755859375,419.739990234375,410.7200012207031,415.6700134277344,16909600,0.0,0.0,419.7480041503906,29.878880267376417,424.2682005798395,432.2549437409315,-7.986743161091965,-6.9402778574600585
